1    1.87025e+39
2    5.58848e+38
3    2.7855e+38
4    1.80051e+38
5    1.28684e+38
6    9.49614e+37
7    7.11284e+37
8    5.39125e+37
9    4.13354e+37
10    3.20644e+37
11    2.51739e+37
12    2.0011e+37
13    1.61105e+37
14    1.3138e+37
15    1.08521e+37
16    9.07703e+36
17    7.68462e+36
18    6.58072e+36
19    5.69592e+36
20    4.97878e+36
21    4.39101e+36
22    3.90393e+36
23    3.49593e+36
24    3.15064e+36
25    2.85557e+36
26    2.60111e+36
27    2.37983e+36
28    2.18592e+36
29    2.01481e+36
30    1.86287e+36
31    1.7272e+36
32    1.60542e+36
33    1.49564e+36
34    1.39625e+36
35    1.30595e+36
36    1.22364e+36
37    1.14838e+36
38    1.07939e+36
39    1.01599e+36
40    9.57592e+35
41    9.03691e+35
42    8.53844e+35
43    8.07663e+35
44    7.64808e+35
45    7.24975e+35
46    6.87898e+35
47    6.53335e+35
48    6.21074e+35
49    5.90924e+35
50    5.62711e+35
51    5.36281e+35
52    5.11494e+35
53    4.88221e+35
54    4.66349e+35
55    4.45773e+35
56    4.26397e+35
57    4.08134e+35
58    3.90906e+35
59    3.74639e+35
60    3.59266e+35
61    3.44728e+35
62    3.30967e+35
63    3.17932e+35
64    3.05576e+35
65    2.93855e+35
66    2.82728e+35
67    2.72158e+35
68    2.62111e+35
69    2.52554e+35
70    2.43457e+35
71    2.34794e+35
72    2.26539e+35
73    2.18668e+35
74    2.11158e+35
75    2.03989e+35
76    1.97142e+35
77    1.906e+35
78    1.84344e+35
79    1.7836e+35
80    1.72633e+35
81    1.67149e+35
82    1.61896e+35
83    1.56861e+35
84    1.52034e+35
85    1.47403e+35
86    1.42958e+35
87    1.38691e+35
88    1.34593e+35
89    1.30655e+35
90    1.26869e+35
91    1.23229e+35
92    1.19727e+35
93    1.16356e+35
94    1.13111e+35
95    1.09986e+35
96    1.06976e+35
97    1.04074e+35
98    1.01277e+35
99    9.85787e+34
100    9.5976e+34
101    9.34643e+34
102    9.10397e+34
103    8.86983e+34
104    8.64367e+34
105    8.42515e+34
106    8.21395e+34
107    8.00976e+34
108    7.81229e+34
109    7.62127e+34
110    7.43644e+34
111    7.25754e+34
112    7.08435e+34
113    6.91663e+34
114    6.75418e+34
115    6.59678e+34
116    6.44424e+34
117    6.29637e+34
118    6.153e+34
119    6.01395e+34
120    5.87907e+34
121    5.7482e+34
122    5.62119e+34
123    5.4979e+34
124    5.37819e+34
125    5.26194e+34
126    5.14902e+34
127    5.03931e+34
128    4.9327e+34
129    4.82907e+34
130    4.72834e+34
131    4.63039e+34
132    4.53513e+34
133    4.44247e+34
134    4.35231e+34
135    4.26459e+34
136    4.17921e+34
137    4.09609e+34
138    4.01517e+34
139    3.93636e+34
140    3.85961e+34
141    3.78484e+34
142    3.712e+34
143    3.64101e+34
144    3.57182e+34
145    3.50438e+34
146    3.43862e+34
147    3.3745e+34
148    3.31197e+34
149    3.25097e+34
150    3.19147e+34
151    3.13341e+34
152    3.07675e+34
153    3.02145e+34
154    2.96746e+34
155    2.91476e+34
156    2.8633e+34
157    2.81304e+34
158    2.76396e+34
159    2.71601e+34
160    2.66916e+34
161    2.62339e+34
162    2.57866e+34
163    2.53494e+34
164    2.4922e+34
165    2.45042e+34
166    2.40957e+34
167    2.36962e+34
168    2.33055e+34
169    2.29234e+34
170    2.25495e+34
171    2.21838e+34
172    2.18259e+34
173    2.14757e+34
174    2.1133e+34
175    2.07975e+34
176    2.04691e+34
177    2.01476e+34
178    1.98327e+34
179    1.95244e+34
180    1.92225e+34
181    1.89268e+34
182    1.86371e+34
183    1.83532e+34
184    1.80752e+34
185    1.78027e+34
186    1.75356e+34
187    1.72739e+34
188    1.70174e+34
189    1.67659e+34
190    1.65194e+34
191    1.62777e+34
192    1.60406e+34
193    1.58082e+34
194    1.55802e+34
195    1.53566e+34
196    1.51373e+34
197    1.49221e+34
198    1.47109e+34
199    1.45038e+34
200    1.43005e+34
201    1.4101e+34
202    1.39052e+34
203    1.3713e+34
204    1.35243e+34
205    1.33391e+34
206    1.31572e+34
207    1.29787e+34
208    1.28033e+34
209    1.26311e+34
210    1.2462e+34
211    1.22959e+34
212    1.21327e+34
213    1.19724e+34
214    1.18149e+34
215    1.16602e+34
216    1.15081e+34
217    1.13587e+34
218    1.12119e+34
219    1.10676e+34
220    1.09257e+34
221    1.07863e+34
222    1.06492e+34
223    1.05145e+34
224    1.0382e+34
225    1.02517e+34
226    1.01236e+34
227    9.99765e+33
228    9.87376e+33
229    9.7519e+33
230    9.63205e+33
231    9.51415e+33
232    9.39817e+33
233    9.28407e+33
234    9.17181e+33
235    9.06135e+33
236    8.95265e+33
237    8.8457e+33
238    8.74043e+33
239    8.63684e+33
240    8.53487e+33
241    8.4345e+33
242    8.3357e+33
243    8.23844e+33
244    8.14269e+33
245    8.04841e+33
246    7.95559e+33
247    7.86419e+33
248    7.77418e+33
249    7.68554e+33
250    7.59825e+33
251    7.51227e+33
252    7.42759e+33
253    7.34417e+33
254    7.262e+33
255    7.18105e+33
256    7.1013e+33
257    7.02272e+33
258    6.9453e+33
259    6.86902e+33
260    6.79385e+33
261    6.71977e+33
262    6.64677e+33
263    6.57482e+33
264    6.5039e+33
265    6.434e+33
266    6.3651e+33
267    6.29718e+33
268    6.23023e+33
269    6.16422e+33
270    6.09913e+33
271    6.03497e+33
272    5.9717e+33
273    5.90931e+33
274    5.84778e+33
275    5.78711e+33
276    5.72728e+33
277    5.66827e+33
278    5.61006e+33
279    5.55265e+33
280    5.49602e+33
281    5.44016e+33
282    5.38505e+33
283    5.33069e+33
284    5.27705e+33
285    5.22414e+33
286    5.17192e+33
287    5.12041e+33
288    5.06957e+33
289    5.0194e+33
290    4.9699e+33
291    4.92104e+33
292    4.87282e+33
293    4.82523e+33
294    4.77826e+33
295    4.73189e+33
296    4.68613e+33
297    4.64095e+33
298    4.59635e+33
299    4.55232e+33
300    4.50885e+33
301    4.46594e+33
302    4.42356e+33
303    4.38172e+33
304    4.34041e+33
305    4.29962e+33
306    4.25933e+33
307    4.21955e+33
308    4.18026e+33
309    4.14145e+33
310    4.10313e+33
311    4.06528e+33
312    4.02789e+33
313    3.99096e+33
314    3.95447e+33
315    3.91844e+33
316    3.88284e+33
317    3.84766e+33
318    3.81292e+33
319    3.77859e+33
320    3.74467e+33
321    3.71115e+33
322    3.67804e+33
323    3.64531e+33
324    3.61298e+33
325    3.58102e+33
326    3.54945e+33
327    3.51824e+33
328    3.48739e+33
329    3.45691e+33
330    3.42678e+33
331    3.397e+33
332    3.36757e+33
333    3.33847e+33
334    3.30971e+33
335    3.28127e+33
336    3.25316e+33
337    3.22538e+33
338    3.1979e+33
339    3.17074e+33
340    3.14389e+33
341    3.11734e+33
342    3.09108e+33
343    3.06512e+33
344    3.03945e+33
345    3.01407e+33
346    2.98897e+33
347    2.96414e+33
348    2.93959e+33
349    2.91531e+33
350    2.8913e+33
351    2.86755e+33
352    2.84406e+33
353    2.82083e+33
354    2.79784e+33
355    2.77511e+33
356    2.75262e+33
357    2.73038e+33
358    2.70837e+33
359    2.6866e+33
360    2.66507e+33
361    2.64376e+33
362    2.62268e+33
363    2.60182e+33
364    2.58118e+33
365    2.56077e+33
366    2.54056e+33
367    2.52057e+33
368    2.50079e+33
369    2.48121e+33
370    2.46184e+33
371    2.44267e+33
372    2.42369e+33
373    2.40492e+33
374    2.38633e+33
375    2.36794e+33
376    2.34974e+33
377    2.33172e+33
378    2.31388e+33
379    2.29623e+33
380    2.27876e+33
381    2.26146e+33
382    2.24434e+33
383    2.22739e+33
384    2.21061e+33
385    2.194e+33
386    2.17756e+33
387    2.16128e+33
388    2.14516e+33
389    2.1292e+33
390    2.1134e+33
391    2.09775e+33
392    2.08226e+33
393    2.06692e+33
394    2.05173e+33
395    2.03669e+33
396    2.0218e+33
397    2.00705e+33
398    1.99244e+33
399    1.97798e+33
400    1.96366e+33
401    1.94947e+33
402    1.93542e+33
403    1.9215e+33
404    1.90772e+33
405    1.89407e+33
406    1.88055e+33
407    1.86716e+33
408    1.85389e+33
409    1.84075e+33
410    1.82773e+33
411    1.81484e+33
412    1.80207e+33
413    1.78941e+33
414    1.77688e+33
415    1.76446e+33
416    1.75216e+33
417    1.73997e+33
418    1.72789e+33
419    1.71593e+33
420    1.70408e+33
421    1.69233e+33
422    1.68069e+33
423    1.66916e+33
424    1.65774e+33
425    1.64642e+33
426    1.6352e+33
427    1.62408e+33
428    1.61306e+33
429    1.60215e+33
430    1.59133e+33
431    1.58061e+33
432    1.56998e+33
433    1.55945e+33
434    1.54901e+33
435    1.53867e+33
436    1.52842e+33
437    1.51826e+33
438    1.50819e+33
439    1.4982e+33
440    1.48831e+33
441    1.4785e+33
442    1.46878e+33
443    1.45915e+33
444    1.44959e+33
445    1.44012e+33
446    1.43074e+33
447    1.42143e+33
448    1.41221e+33
449    1.40306e+33
450    1.394e+33
451    1.38501e+33
452    1.3761e+33
453    1.36726e+33
454    1.3585e+33
455    1.34982e+33
456    1.34121e+33
457    1.33267e+33
458    1.32421e+33
459    1.31581e+33
460    1.30749e+33
461    1.29924e+33
462    1.29105e+33
463    1.28294e+33
464    1.27489e+33
465    1.26691e+33
466    1.259e+33
467    1.25115e+33
468    1.24337e+33
469    1.23565e+33
470    1.22799e+33
471    1.2204e+33
472    1.21287e+33
473    1.20541e+33
474    1.198e+33
475    1.19065e+33
476    1.18337e+33
477    1.17614e+33
478    1.16898e+33
479    1.16187e+33
480    1.15481e+33
481    1.14782e+33
482    1.14088e+33
483    1.134e+33
484    1.12717e+33
485    1.1204e+33
486    1.11368e+33
487    1.10702e+33
488    1.1004e+33
489    1.09384e+33
490    1.08734e+33
491    1.08088e+33
492    1.07448e+33
493    1.06812e+33
494    1.06182e+33
495    1.05556e+33
496    1.04936e+33
497    1.0432e+33
498    1.03709e+33
499    1.03103e+33
500    1.02502e+33

