0    1.08521e+37
0.1    1.02476e+37
0.2    9.77549e+36
0.3    9.40209e+36
0.4    9.1029e+36
0.5    8.85993e+36
0.6    8.65997e+36
0.7    8.49325e+36
0.8    8.35248e+36
0.9    8.2322e+36
1    8.1283e+36
1.1    8.03762e+36
1.2    7.95774e+36
1.3    7.88675e+36
1.4    7.82317e+36
1.5    7.76579e+36
1.6    7.71365e+36
1.7    7.66596e+36
1.8    7.62206e+36
1.9    7.5814e+36
2    7.54352e+36
2.1    7.50802e+36
2.2    7.47456e+36
2.3    7.44285e+36
2.4    7.41263e+36
2.5    7.38369e+36
2.6    7.35582e+36
2.7    7.32885e+36
2.8    7.30264e+36
2.9    7.27705e+36
3    7.25197e+36
3.1    7.2273e+36
3.2    7.20293e+36
3.3    7.1788e+36
3.4    7.15484e+36
3.5    7.13098e+36
3.6    7.10717e+36
3.7    7.08337e+36
3.8    7.05952e+36
3.9    7.03561e+36
4    7.01159e+36
4.1    6.98744e+36
4.2    6.96314e+36
4.3    6.93867e+36
4.4    6.91401e+36
4.5    6.88915e+36
4.6    6.86409e+36
4.7    6.8388e+36
4.8    6.81329e+36
4.9    6.78754e+36
5    6.76157e+36
5.1    6.73535e+36
5.2    6.7089e+36
5.3    6.68222e+36
5.4    6.6553e+36
5.5    6.62814e+36
5.6    6.60076e+36
5.7    6.57315e+36
5.8    6.54531e+36
5.9    6.51726e+36
6    6.489e+36
6.1    6.46052e+36
6.2    6.43185e+36
6.3    6.40298e+36
6.4    6.37392e+36
6.5    6.34467e+36
6.6    6.31525e+36
6.7    6.28566e+36
6.8    6.25591e+36
6.9    6.226e+36
7    6.19594e+36
7.1    6.16574e+36
7.2    6.1354e+36
7.3    6.10494e+36
7.4    6.07435e+36
7.5    6.04366e+36
7.6    6.01285e+36
7.7    5.98195e+36
7.8    5.95095e+36
7.9    5.91987e+36
8    5.88871e+36
8.1    5.85747e+36
8.2    5.82617e+36
8.3    5.79482e+36
8.4    5.76341e+36
8.5    5.73195e+36
8.6    5.70046e+36
8.7    5.66893e+36
8.8    5.63737e+36
8.9    5.60579e+36
9    5.5742e+36
9.1    5.5426e+36
9.2    5.51099e+36
9.3    5.47939e+36
9.4    5.44779e+36
9.5    5.41621e+36
9.6    5.38464e+36
9.7    5.3531e+36
9.8    5.32158e+36
9.9    5.2901e+36
10    5.25865e+36
10.1    5.22725e+36
10.2    5.19589e+36
10.3    5.16459e+36
10.4    5.13334e+36
10.5    5.10215e+36
10.6    5.07102e+36
10.7    5.03997e+36
10.8    5.00898e+36
10.9    4.97807e+36
11    4.94724e+36
11.1    4.91649e+36
11.2    4.88582e+36
11.3    4.85525e+36
11.4    4.82477e+36
11.5    4.79438e+36
11.6    4.76409e+36
11.7    4.73391e+36
11.8    4.70382e+36
11.9    4.67385e+36
12    4.64398e+36
12.1    4.61423e+36
12.2    4.58459e+36
12.3    4.55507e+36
12.4    4.52567e+36
12.5    4.49639e+36
12.6    4.46723e+36
12.7    4.4382e+36
12.8    4.4093e+36
12.9    4.38052e+36
13    4.35188e+36
13.1    4.32337e+36
13.2    4.29499e+36
13.3    4.26675e+36
13.4    4.23864e+36
13.5    4.21068e+36
13.6    4.18285e+36
13.7    4.15517e+36
13.8    4.12763e+36
13.9    4.10023e+36
14    4.07298e+36
14.1    4.04587e+36
14.2    4.01891e+36
14.3    3.99209e+36
14.4    3.96542e+36
14.5    3.93891e+36
14.6    3.91254e+36
14.7    3.88632e+36
14.8    3.86025e+36
14.9    3.83434e+36
15    3.80857e+36
15.1    3.78296e+36
15.2    3.7575e+36
15.3    3.73219e+36
15.4    3.70703e+36
15.5    3.68203e+36
15.6    3.65719e+36
15.7    3.63249e+36
15.8    3.60795e+36
15.9    3.58357e+36
16    3.55933e+36
16.1    3.53526e+36
16.2    3.51133e+36
16.3    3.48756e+36
16.4    3.46394e+36
16.5    3.44048e+36
16.6    3.41717e+36
16.7    3.39401e+36
16.8    3.37101e+36
16.9    3.34816e+36
17    3.32546e+36
17.1    3.30292e+36
17.2    3.28052e+36
17.3    3.25828e+36
17.4    3.23619e+36
17.5    3.21425e+36
17.6    3.19246e+36
17.7    3.17082e+36
17.8    3.14933e+36
17.9    3.12799e+36
18    3.1068e+36
18.1    3.08576e+36
18.2    3.06486e+36
18.3    3.04411e+36
18.4    3.02351e+36
18.5    3.00305e+36
18.6    2.98274e+36
18.7    2.96257e+36
18.8    2.94255e+36
18.9    2.92267e+36
19    2.90293e+36
19.1    2.88334e+36
19.2    2.86388e+36
19.3    2.84457e+36
19.4    2.8254e+36
19.5    2.80636e+36
19.6    2.78747e+36
19.7    2.76871e+36
19.8    2.75009e+36
19.9    2.73161e+36
20    2.71326e+36
20.1    2.69505e+36
20.2    2.67697e+36
20.3    2.65903e+36
20.4    2.64121e+36
20.5    2.62353e+36
20.6    2.60598e+36
20.7    2.58857e+36
20.8    2.57128e+36
20.9    2.55412e+36
21    2.53708e+36
21.1    2.52018e+36
21.2    2.5034e+36
21.3    2.48675e+36
21.4    2.47022e+36
21.5    2.45382e+36
21.6    2.43754e+36
21.7    2.42138e+36
21.8    2.40534e+36
21.9    2.38943e+36
22    2.37363e+36
22.1    2.35795e+36
22.2    2.3424e+36
22.3    2.32696e+36
22.4    2.31163e+36
22.5    2.29642e+36
22.6    2.28133e+36
22.7    2.26635e+36
22.8    2.25149e+36
22.9    2.23674e+36
23    2.2221e+36
23.1    2.20757e+36
23.2    2.19315e+36
23.3    2.17884e+36
23.4    2.16464e+36
23.5    2.15055e+36
23.6    2.13657e+36
23.7    2.12269e+36
23.8    2.10892e+36
23.9    2.09525e+36
24    2.08168e+36
24.1    2.06822e+36
24.2    2.05487e+36
24.3    2.04161e+36
24.4    2.02845e+36
24.5    2.0154e+36
24.6    2.00244e+36
24.7    1.98959e+36
24.8    1.97683e+36
24.9    1.96417e+36
25    1.9516e+36
25.1    1.93913e+36
25.2    1.92676e+36
25.3    1.91448e+36
25.4    1.90229e+36
25.5    1.89019e+36
25.6    1.87819e+36
25.7    1.86628e+36
25.8    1.85446e+36
25.9    1.84273e+36
26    1.83109e+36
26.1    1.81953e+36
26.2    1.80807e+36
26.3    1.79669e+36
26.4    1.7854e+36
26.5    1.77419e+36
26.6    1.76307e+36
26.7    1.75203e+36
26.8    1.74108e+36
26.9    1.73021e+36
27    1.71942e+36
27.1    1.70871e+36
27.2    1.69809e+36
27.3    1.68754e+36
27.4    1.67708e+36
27.5    1.66669e+36
27.6    1.65638e+36
27.7    1.64615e+36
27.8    1.636e+36
27.9    1.62592e+36
28    1.61592e+36
28.1    1.60599e+36
28.2    1.59614e+36
28.3    1.58636e+36
28.4    1.57666e+36
28.5    1.56703e+36
28.6    1.55747e+36
28.7    1.54798e+36
28.8    1.53857e+36
28.9    1.52922e+36
29    1.51994e+36
29.1    1.51074e+36
29.2    1.5016e+36
29.3    1.49253e+36
29.4    1.48353e+36
29.5    1.47459e+36
29.6    1.46572e+36
29.7    1.45692e+36
29.8    1.44818e+36
29.9    1.43951e+36
30    1.4309e+36
30.1    1.42236e+36
30.2    1.41388e+36
30.3    1.40546e+36
30.4    1.3971e+36
30.5    1.38881e+36
30.6    1.38057e+36
30.7    1.3724e+36
30.8    1.36429e+36
30.9    1.35623e+36
31    1.34824e+36
31.1    1.3403e+36
31.2    1.33243e+36
31.3    1.32461e+36
31.4    1.31685e+36
31.5    1.30914e+36
31.6    1.30149e+36
31.7    1.2939e+36
31.8    1.28636e+36
31.9    1.27888e+36
32    1.27145e+36
32.1    1.26408e+36
32.2    1.25676e+36
32.3    1.24949e+36
32.4    1.24227e+36
32.5    1.23511e+36
32.6    1.228e+36
32.7    1.22094e+36
32.8    1.21393e+36
32.9    1.20697e+36
33    1.20007e+36
33.1    1.19321e+36
33.2    1.1864e+36
33.3    1.17964e+36
33.4    1.17293e+36
33.5    1.16626e+36
33.6    1.15965e+36
33.7    1.15308e+36
33.8    1.14656e+36
33.9    1.14008e+36
34    1.13365e+36
34.1    1.12727e+36
34.2    1.12093e+36
34.3    1.11464e+36
34.4    1.10839e+36
34.5    1.10219e+36
34.6    1.09603e+36
34.7    1.08991e+36
34.8    1.08384e+36
34.9    1.07781e+36
35    1.07182e+36
35.1    1.06588e+36
35.2    1.05997e+36
35.3    1.05411e+36
35.4    1.04829e+36
35.5    1.04251e+36
35.6    1.03677e+36
35.7    1.03107e+36
35.8    1.02541e+36
35.9    1.01979e+36
36    1.01421e+36
36.1    1.00866e+36
36.2    1.00316e+36
36.3    9.97694e+35
36.4    9.92265e+35
36.5    9.86875e+35
36.6    9.81522e+35
36.7    9.76205e+35
36.8    9.70926e+35
36.9    9.65683e+35
37    9.60475e+35
37.1    9.55304e+35
37.2    9.50168e+35
37.3    9.45068e+35
37.4    9.40002e+35
37.5    9.34971e+35
37.6    9.29974e+35
37.7    9.25012e+35
37.8    9.20083e+35
37.9    9.15188e+35
38    9.10326e+35
38.1    9.05497e+35
38.2    9.007e+35
38.3    8.95937e+35
38.4    8.91205e+35
38.5    8.86506e+35
38.6    8.81838e+35
38.7    8.77202e+35
38.8    8.72596e+35
38.9    8.68022e+35
39    8.63479e+35
39.1    8.58966e+35
39.2    8.54483e+35
39.3    8.5003e+35
39.4    8.45607e+35
39.5    8.41214e+35
39.6    8.3685e+35
39.7    8.32514e+35
39.8    8.28208e+35
39.9    8.2393e+35
40    8.19681e+35
40.1    8.1546e+35
40.2    8.11266e+35
40.3    8.07101e+35
40.4    8.02963e+35
40.5    7.98852e+35
40.6    7.94768e+35
40.7    7.90711e+35
40.8    7.86681e+35
40.9    7.82677e+35
41    7.78699e+35
41.1    7.74747e+35
41.2    7.70821e+35
41.3    7.66921e+35
41.4    7.63046e+35
41.5    7.59196e+35
41.6    7.55372e+35
41.7    7.51572e+35
41.8    7.47797e+35
41.9    7.44046e+35
42    7.4032e+35
42.1    7.36617e+35
42.2    7.32939e+35
42.3    7.29284e+35
42.4    7.25652e+35
42.5    7.22044e+35
42.6    7.18459e+35
42.7    7.14897e+35
42.8    7.11358e+35
42.9    7.07842e+35
43    7.04348e+35
43.1    7.00876e+35
43.2    6.97426e+35
43.3    6.93999e+35
43.4    6.90593e+35
43.5    6.87208e+35
43.6    6.83845e+35
43.7    6.80504e+35
43.8    6.77183e+35
43.9    6.73884e+35
44    6.70605e+35
44.1    6.67347e+35
44.2    6.64109e+35
44.3    6.60892e+35
44.4    6.57694e+35
44.5    6.54517e+35
44.6    6.5136e+35
44.7    6.48222e+35
44.8    6.45104e+35
44.9    6.42006e+35
45    6.38926e+35
45.1    6.35866e+35
45.2    6.32825e+35
45.3    6.29803e+35
45.4    6.26799e+35
45.5    6.23814e+35
45.6    6.20847e+35
45.7    6.17899e+35
45.8    6.14969e+35
45.9    6.12057e+35
46    6.09162e+35
46.1    6.06286e+35
46.2    6.03427e+35
46.3    6.00586e+35
46.4    5.97762e+35
46.5    5.94955e+35
46.6    5.92165e+35
46.7    5.89392e+35
46.8    5.86637e+35
46.9    5.83898e+35
47    5.81175e+35
47.1    5.78469e+35
47.2    5.75779e+35
47.3    5.73106e+35
47.4    5.70449e+35
47.5    5.67807e+35
47.6    5.65182e+35
47.7    5.62573e+35
47.8    5.59979e+35
47.9    5.574e+35
48    5.54837e+35
48.1    5.5229e+35
48.2    5.49757e+35
48.3    5.4724e+35
48.4    5.44738e+35
48.5    5.4225e+35
48.6    5.39778e+35
48.7    5.3732e+35
48.8    5.34877e+35
48.9    5.32448e+35
49    5.30033e+35
49.1    5.27633e+35
49.2    5.25247e+35
49.3    5.22875e+35
49.4    5.20516e+35
49.5    5.18172e+35
49.6    5.15842e+35
49.7    5.13525e+35
49.8    5.11221e+35
49.9    5.08932e+35
50    5.06655e+35
50.1    5.04392e+35
50.2    5.02142e+35
50.3    4.99905e+35
50.4    4.97681e+35
50.5    4.9547e+35
50.6    4.93272e+35
50.7    4.91086e+35
50.8    4.88913e+35
50.9    4.86753e+35
51    4.84605e+35
51.1    4.8247e+35
51.2    4.80346e+35
51.3    4.78235e+35
51.4    4.76136e+35
51.5    4.74049e+35
51.6    4.71974e+35
51.7    4.69911e+35
51.8    4.6786e+35
51.9    4.6582e+35
52    4.63792e+35
52.1    4.61776e+35
52.2    4.5977e+35
52.3    4.57777e+35
52.4    4.55794e+35
52.5    4.53823e+35
52.6    4.51863e+35
52.7    4.49914e+35
52.8    4.47976e+35
52.9    4.46049e+35
53    4.44133e+35
53.1    4.42227e+35
53.2    4.40332e+35
53.3    4.38448e+35
53.4    4.36574e+35
53.5    4.34711e+35
53.6    4.32858e+35
53.7    4.31016e+35
53.8    4.29184e+35
53.9    4.27362e+35
54    4.2555e+35
54.1    4.23748e+35
54.2    4.21956e+35
54.3    4.20174e+35
54.4    4.18402e+35
54.5    4.16639e+35
54.6    4.14887e+35
54.7    4.13144e+35
54.8    4.1141e+35
54.9    4.09687e+35
55    4.07972e+35
55.1    4.06267e+35
55.2    4.04571e+35
55.3    4.02885e+35
55.4    4.01208e+35
55.5    3.99539e+35
55.6    3.9788e+35
55.7    3.9623e+35
55.8    3.94589e+35
55.9    3.92957e+35
56    3.91334e+35
56.1    3.89719e+35
56.2    3.88114e+35
56.3    3.86517e+35
56.4    3.84928e+35
56.5    3.83348e+35
56.6    3.81777e+35
56.7    3.80214e+35
56.8    3.78659e+35
56.9    3.77113e+35
57    3.75575e+35
57.1    3.74045e+35
57.2    3.72523e+35
57.3    3.7101e+35
57.4    3.69504e+35
57.5    3.68007e+35
57.6    3.66517e+35
57.7    3.65036e+35
57.8    3.63562e+35
57.9    3.62096e+35
58    3.60638e+35
58.1    3.59188e+35
58.2    3.57745e+35
58.3    3.5631e+35
58.4    3.54882e+35
58.5    3.53462e+35
58.6    3.52049e+35
58.7    3.50644e+35
58.8    3.49246e+35
58.9    3.47855e+35
59    3.46472e+35
59.1    3.45096e+35
59.2    3.43727e+35
59.3    3.42365e+35
59.4    3.4101e+35
59.5    3.39662e+35
59.6    3.38322e+35
59.7    3.36988e+35
59.8    3.35661e+35
59.9    3.34341e+35
60    3.33028e+35
60.1    3.31722e+35
60.2    3.30422e+35
60.3    3.29129e+35
60.4    3.27843e+35
60.5    3.26563e+35
60.6    3.2529e+35
60.7    3.24023e+35
60.8    3.22763e+35
60.9    3.21509e+35
61    3.20262e+35
61.1    3.19021e+35
61.2    3.17786e+35
61.3    3.16558e+35
61.4    3.15335e+35
61.5    3.1412e+35
61.6    3.1291e+35
61.7    3.11706e+35
61.8    3.10509e+35
61.9    3.09317e+35
62    3.08131e+35
62.1    3.06952e+35
62.2    3.05778e+35
62.3    3.04611e+35
62.4    3.03449e+35
62.5    3.02293e+35
62.6    3.01142e+35
62.7    2.99998e+35
62.8    2.98859e+35
62.9    2.97726e+35
63    2.96599e+35
63.1    2.95477e+35
63.2    2.94361e+35
63.3    2.9325e+35
63.4    2.92145e+35
63.5    2.91045e+35
63.6    2.89951e+35
63.7    2.88862e+35
63.8    2.87779e+35
63.9    2.86701e+35
64    2.85628e+35
64.1    2.8456e+35
64.2    2.83498e+35
64.3    2.82441e+35
64.4    2.81389e+35
64.5    2.80342e+35
64.6    2.79301e+35
64.7    2.78264e+35
64.8    2.77233e+35
64.9    2.76207e+35
65    2.75185e+35
65.1    2.74169e+35
65.2    2.73157e+35
65.3    2.72151e+35
65.4    2.71149e+35
65.5    2.70152e+35
65.6    2.6916e+35
65.7    2.68173e+35
65.8    2.67191e+35
65.9    2.66213e+35
66    2.6524e+35
66.1    2.64272e+35
66.2    2.63308e+35
66.3    2.62349e+35
66.4    2.61395e+35
66.5    2.60445e+35
66.6    2.59499e+35
66.7    2.58559e+35
66.8    2.57622e+35
66.9    2.56691e+35
67    2.55763e+35
67.1    2.5484e+35
67.2    2.53922e+35
67.3    2.53007e+35
67.4    2.52098e+35
67.5    2.51192e+35
67.6    2.50291e+35
67.7    2.49394e+35
67.8    2.48501e+35
67.9    2.47612e+35
68    2.46728e+35
68.1    2.45848e+35
68.2    2.44972e+35
68.3    2.441e+35
68.4    2.43232e+35
68.5    2.42368e+35
68.6    2.41508e+35
68.7    2.40653e+35
68.8    2.39801e+35
68.9    2.38953e+35
69    2.38109e+35
69.1    2.37269e+35
69.2    2.36433e+35
69.3    2.35601e+35
69.4    2.34773e+35
69.5    2.33949e+35
69.6    2.33128e+35
69.7    2.32311e+35
69.8    2.31498e+35
69.9    2.30689e+35
70    2.29883e+35
70.1    2.29082e+35
70.2    2.28283e+35
70.3    2.27489e+35
70.4    2.26698e+35
70.5    2.25911e+35
70.6    2.25127e+35
70.7    2.24347e+35
70.8    2.23571e+35
70.9    2.22798e+35
71    2.22029e+35
71.1    2.21263e+35
71.2    2.205e+35
71.3    2.19741e+35
71.4    2.18986e+35
71.5    2.18234e+35
71.6    2.17485e+35
71.7    2.1674e+35
71.8    2.15998e+35
71.9    2.1526e+35
72    2.14524e+35
72.1    2.13793e+35
72.2    2.13064e+35
72.3    2.12339e+35
72.4    2.11617e+35
72.5    2.10898e+35
72.6    2.10182e+35
72.7    2.0947e+35
72.8    2.08761e+35
72.9    2.08055e+35
73    2.07352e+35
73.1    2.06652e+35
73.2    2.05955e+35
73.3    2.05262e+35
73.4    2.04572e+35
73.5    2.03884e+35
73.6    2.032e+35
73.7    2.02519e+35
73.8    2.0184e+35
73.9    2.01165e+35
74    2.00493e+35
74.1    1.99823e+35
74.2    1.99157e+35
74.3    1.98494e+35
74.4    1.97833e+35
74.5    1.97175e+35
74.6    1.96521e+35
74.7    1.95869e+35
74.8    1.9522e+35
74.9    1.94574e+35
75    1.9393e+35
75.1    1.9329e+35
75.2    1.92652e+35
75.3    1.92017e+35
75.4    1.91385e+35
75.5    1.90756e+35
75.6    1.90129e+35
75.7    1.89505e+35
75.8    1.88884e+35
75.9    1.88265e+35
76    1.87649e+35
76.1    1.87036e+35
76.2    1.86425e+35
76.3    1.85817e+35
76.4    1.85212e+35
76.5    1.84609e+35
76.6    1.84009e+35
76.7    1.83411e+35
76.8    1.82816e+35
76.9    1.82224e+35
77    1.81634e+35
77.1    1.81047e+35
77.2    1.80462e+35
77.3    1.79879e+35
77.4    1.79299e+35
77.5    1.78722e+35
77.6    1.78147e+35
77.7    1.77574e+35
77.8    1.77004e+35
77.9    1.76437e+35
78    1.75871e+35
78.1    1.75308e+35
78.2    1.74748e+35
78.3    1.7419e+35
78.4    1.73634e+35
78.5    1.73081e+35
78.6    1.7253e+35
78.7    1.71981e+35
78.8    1.71434e+35
78.9    1.7089e+35
79    1.70348e+35
79.1    1.69809e+35
79.2    1.69271e+35
79.3    1.68736e+35
79.4    1.68203e+35
79.5    1.67673e+35
79.6    1.67144e+35
79.7    1.66618e+35
79.8    1.66094e+35
79.9    1.65572e+35
80    1.65052e+35
80.1    1.64535e+35
80.2    1.64019e+35
80.3    1.63506e+35
80.4    1.62995e+35
80.5    1.62486e+35
80.6    1.61979e+35
80.7    1.61474e+35
80.8    1.60971e+35
80.9    1.60471e+35
81    1.59972e+35
81.1    1.59476e+35
81.2    1.58981e+35
81.3    1.58489e+35
81.4    1.57998e+35
81.5    1.5751e+35
81.6    1.57023e+35
81.7    1.56539e+35
81.8    1.56056e+35
81.9    1.55576e+35
82    1.55097e+35
82.1    1.5462e+35
82.2    1.54146e+35
82.3    1.53673e+35
82.4    1.53202e+35
82.5    1.52733e+35
82.6    1.52266e+35
82.7    1.51801e+35
82.8    1.51338e+35
82.9    1.50876e+35
83    1.50417e+35
83.1    1.49959e+35
83.2    1.49503e+35
83.3    1.49049e+35
83.4    1.48597e+35
83.5    1.48146e+35
83.6    1.47698e+35
83.7    1.47251e+35
83.8    1.46806e+35
83.9    1.46363e+35
84    1.45921e+35
84.1    1.45482e+35
84.2    1.45044e+35
84.3    1.44608e+35
84.4    1.44173e+35
84.5    1.43741e+35
84.6    1.4331e+35
84.7    1.4288e+35
84.8    1.42453e+35
84.9    1.42027e+35
85    1.41603e+35
85.1    1.4118e+35
85.2    1.40759e+35
85.3    1.4034e+35
85.4    1.39922e+35
85.5    1.39507e+35
85.6    1.39092e+35
85.7    1.3868e+35
85.8    1.38269e+35
85.9    1.37859e+35
86    1.37451e+35
86.1    1.37045e+35
86.2    1.36641e+35
86.3    1.36238e+35
86.4    1.35836e+35
86.5    1.35436e+35
86.6    1.35038e+35
86.7    1.34641e+35
86.8    1.34246e+35
86.9    1.33852e+35
87    1.3346e+35
87.1    1.33069e+35
87.2    1.3268e+35
87.3    1.32293e+35
87.4    1.31906e+35
87.5    1.31522e+35
87.6    1.31139e+35
87.7    1.30757e+35
87.8    1.30377e+35
87.9    1.29998e+35
88    1.29621e+35
88.1    1.29245e+35
88.2    1.28871e+35
88.3    1.28498e+35
88.4    1.28126e+35
88.5    1.27756e+35
88.6    1.27387e+35
88.7    1.2702e+35
88.8    1.26654e+35
88.9    1.2629e+35
89    1.25927e+35
89.1    1.25565e+35
89.2    1.25205e+35
89.3    1.24846e+35
89.4    1.24488e+35
89.5    1.24132e+35
89.6    1.23777e+35
89.7    1.23423e+35
89.8    1.23071e+35
89.9    1.2272e+35
90    1.22371e+35
90.1    1.22023e+35
90.2    1.21676e+35
90.3    1.2133e+35
90.4    1.20986e+35
90.5    1.20643e+35
90.6    1.20301e+35
90.7    1.1996e+35
90.8    1.19621e+35
90.9    1.19283e+35
91    1.18947e+35
91.1    1.18611e+35
91.2    1.18277e+35
91.3    1.17944e+35
91.4    1.17613e+35
91.5    1.17282e+35
91.6    1.16953e+35
91.7    1.16625e+35
91.8    1.16299e+35
91.9    1.15973e+35
92    1.15649e+35
92.1    1.15326e+35
92.2    1.15004e+35
92.3    1.14683e+35
92.4    1.14363e+35
92.5    1.14045e+35
92.6    1.13728e+35
92.7    1.13412e+35
92.8    1.13097e+35
92.9    1.12783e+35
93    1.12471e+35
93.1    1.12159e+35
93.2    1.11849e+35
93.3    1.1154e+35
93.4    1.11232e+35
93.5    1.10925e+35
93.6    1.1062e+35
93.7    1.10315e+35
93.8    1.10011e+35
93.9    1.09709e+35
94    1.09408e+35
94.1    1.09108e+35
94.2    1.08808e+35
94.3    1.0851e+35
94.4    1.08214e+35
94.5    1.07918e+35
94.6    1.07623e+35
94.7    1.07329e+35
94.8    1.07036e+35
94.9    1.06745e+35
95    1.06454e+35
95.1    1.06165e+35
95.2    1.05876e+35
95.3    1.05589e+35
95.4    1.05303e+35
95.5    1.05017e+35
95.6    1.04733e+35
95.7    1.0445e+35
95.8    1.04167e+35
95.9    1.03886e+35
96    1.03606e+35
96.1    1.03327e+35
96.2    1.03048e+35
96.3    1.02771e+35
96.4    1.02495e+35
96.5    1.02219e+35
96.6    1.01945e+35
96.7    1.01672e+35
96.8    1.01399e+35
96.9    1.01128e+35
97    1.00858e+35
97.1    1.00588e+35
97.2    1.0032e+35
97.3    1.00052e+35
97.4    9.97853e+34
97.5    9.95197e+34
97.6    9.92549e+34
97.7    9.89911e+34
97.8    9.87282e+34
97.9    9.84662e+34
98    9.82052e+34
98.1    9.79451e+34
98.2    9.76859e+34
98.3    9.74276e+34
98.4    9.71702e+34
98.5    9.69137e+34
98.6    9.66581e+34
98.7    9.64034e+34
98.8    9.61496e+34
98.9    9.58967e+34
99    9.56446e+34
99.1    9.53935e+34
99.2    9.51432e+34
99.3    9.48938e+34
99.4    9.46452e+34
99.5    9.43975e+34
99.6    9.41507e+34
99.7    9.39047e+34
99.8    9.36596e+34
99.9    9.34153e+34
100    9.31719e+34

