0    1.28684e+38
0.1    1.11976e+38
0.2    9.91579e+37
0.3    8.92092e+37
0.4    8.13882e+37
0.5    7.5155e+37
0.6    7.01153e+37
0.7    6.59806e+37
0.8    6.25388e+37
0.9    5.96328e+37
1    5.71458e+37
1.1    5.49903e+37
1.2    5.30998e+37
1.3    5.14234e+37
1.4    4.99219e+37
1.5    4.85646e+37
1.6    4.73272e+37
1.7    4.61903e+37
1.8    4.51385e+37
1.9    4.4159e+37
2    4.32416e+37
2.1    4.23775e+37
2.2    4.15598e+37
2.3    4.07825e+37
2.4    4.00405e+37
2.5    3.93295e+37
2.6    3.86461e+37
2.7    3.79871e+37
2.8    3.73498e+37
2.9    3.67321e+37
3    3.61319e+37
3.1    3.55477e+37
3.2    3.4978e+37
3.3    3.44216e+37
3.4    3.38774e+37
3.5    3.33446e+37
3.6    3.28224e+37
3.7    3.23101e+37
3.8    3.18072e+37
3.9    3.13132e+37
4    3.08277e+37
4.1    3.03503e+37
4.2    2.98808e+37
4.3    2.94189e+37
4.4    2.89645e+37
4.5    2.85172e+37
4.6    2.8077e+37
4.7    2.76437e+37
4.8    2.72172e+37
4.9    2.67973e+37
5    2.63841e+37
5.1    2.59774e+37
5.2    2.55771e+37
5.3    2.51832e+37
5.4    2.47955e+37
5.5    2.44141e+37
5.6    2.40389e+37
5.7    2.36697e+37
5.8    2.33066e+37
5.9    2.29494e+37
6    2.25981e+37
6.1    2.22527e+37
6.2    2.1913e+37
6.3    2.15791e+37
6.4    2.12507e+37
6.5    2.0928e+37
6.6    2.06108e+37
6.7    2.0299e+37
6.8    1.99925e+37
6.9    1.96914e+37
7    1.93955e+37
7.1    1.91047e+37
7.2    1.8819e+37
7.3    1.85383e+37
7.4    1.82625e+37
7.5    1.79915e+37
7.6    1.77254e+37
7.7    1.74639e+37
7.8    1.7207e+37
7.9    1.69547e+37
8    1.67068e+37
8.1    1.64634e+37
8.2    1.62242e+37
8.3    1.59893e+37
8.4    1.57585e+37
8.5    1.55319e+37
8.6    1.53093e+37
8.7    1.50906e+37
8.8    1.48757e+37
8.9    1.46647e+37
9    1.44574e+37
9.1    1.42538e+37
9.2    1.40538e+37
9.3    1.38573e+37
9.4    1.36642e+37
9.5    1.34746e+37
9.6    1.32883e+37
9.7    1.31052e+37
9.8    1.29254e+37
9.9    1.27486e+37
10    1.2575e+37
10.1    1.24044e+37
10.2    1.22367e+37
10.3    1.2072e+37
10.4    1.19101e+37
10.5    1.1751e+37
10.6    1.15946e+37
10.7    1.14409e+37
10.8    1.12898e+37
10.9    1.11413e+37
11    1.09954e+37
11.1    1.08519e+37
11.2    1.07108e+37
11.3    1.05721e+37
11.4    1.04358e+37
11.5    1.03017e+37
11.6    1.01699e+37
11.7    1.00403e+37
11.8    9.91282e+36
11.9    9.78747e+36
12    9.6642e+36
12.1    9.54295e+36
12.2    9.42369e+36
12.3    9.30639e+36
12.4    9.191e+36
12.5    9.07749e+36
12.6    8.96582e+36
12.7    8.85596e+36
12.8    8.74786e+36
12.9    8.6415e+36
13    8.53685e+36
13.1    8.43386e+36
13.2    8.33251e+36
13.3    8.23277e+36
13.4    8.1346e+36
13.5    8.03798e+36
13.6    7.94287e+36
13.7    7.84925e+36
13.8    7.75709e+36
13.9    7.66636e+36
14    7.57703e+36
14.1    7.48909e+36
14.2    7.40249e+36
14.3    7.31722e+36
14.4    7.23325e+36
14.5    7.15056e+36
14.6    7.06913e+36
14.7    6.98892e+36
14.8    6.90992e+36
14.9    6.83211e+36
15    6.75546e+36
15.1    6.67996e+36
15.2    6.60557e+36
15.3    6.53229e+36
15.4    6.46008e+36
15.5    6.38894e+36
15.6    6.31884e+36
15.7    6.24977e+36
15.8    6.18169e+36
15.9    6.11461e+36
16    6.0485e+36
16.1    5.98333e+36
16.2    5.91911e+36
16.3    5.8558e+36
16.4    5.79339e+36
16.5    5.73187e+36
16.6    5.67122e+36
16.7    5.61143e+36
16.8    5.55247e+36
16.9    5.49435e+36
17    5.43703e+36
17.1    5.38052e+36
17.2    5.32478e+36
17.3    5.26982e+36
17.4    5.21561e+36
17.5    5.16215e+36
17.6    5.10942e+36
17.7    5.05741e+36
17.8    5.00611e+36
17.9    4.9555e+36
18    4.90558e+36
18.1    4.85633e+36
18.2    4.80773e+36
18.3    4.75979e+36
18.4    4.71249e+36
18.5    4.66581e+36
18.6    4.61976e+36
18.7    4.57431e+36
18.8    4.52946e+36
18.9    4.48519e+36
19    4.44151e+36
19.1    4.39839e+36
19.2    4.35584e+36
19.3    4.31383e+36
19.4    4.27237e+36
19.5    4.23144e+36
19.6    4.19103e+36
19.7    4.15114e+36
19.8    4.11176e+36
19.9    4.07288e+36
20    4.03449e+36
20.1    3.99658e+36
20.2    3.95916e+36
20.3    3.9222e+36
20.4    3.8857e+36
20.5    3.84965e+36
20.6    3.81406e+36
20.7    3.7789e+36
20.8    3.74418e+36
20.9    3.70989e+36
21    3.67601e+36
21.1    3.64255e+36
21.2    3.6095e+36
21.3    3.57685e+36
21.4    3.5446e+36
21.5    3.51273e+36
21.6    3.48125e+36
21.7    3.45014e+36
21.8    3.41941e+36
21.9    3.38905e+36
22    3.35904e+36
22.1    3.32939e+36
22.2    3.3001e+36
22.3    3.27114e+36
22.4    3.24253e+36
22.5    3.21425e+36
22.6    3.18631e+36
22.7    3.15868e+36
22.8    3.13138e+36
22.9    3.1044e+36
23    3.07772e+36
23.1    3.05136e+36
23.2    3.02529e+36
23.3    2.99953e+36
23.4    2.97406e+36
23.5    2.94888e+36
23.6    2.92398e+36
23.7    2.89936e+36
23.8    2.87503e+36
23.9    2.85096e+36
24    2.82717e+36
24.1    2.80364e+36
24.2    2.78038e+36
24.3    2.75737e+36
24.4    2.73462e+36
24.5    2.71212e+36
24.6    2.68987e+36
24.7    2.66786e+36
24.8    2.64609e+36
24.9    2.62456e+36
25    2.60327e+36
25.1    2.58221e+36
25.2    2.56137e+36
25.3    2.54077e+36
25.4    2.52038e+36
25.5    2.50021e+36
25.6    2.48026e+36
25.7    2.46052e+36
25.8    2.441e+36
25.9    2.42168e+36
26    2.40256e+36
26.1    2.38365e+36
26.2    2.36493e+36
26.3    2.34642e+36
26.4    2.32809e+36
26.5    2.30996e+36
26.6    2.29202e+36
26.7    2.27427e+36
26.8    2.2567e+36
26.9    2.23931e+36
27    2.2221e+36
27.1    2.20507e+36
27.2    2.18821e+36
27.3    2.17152e+36
27.4    2.15501e+36
27.5    2.13866e+36
27.6    2.12248e+36
27.7    2.10647e+36
27.8    2.09061e+36
27.9    2.07492e+36
28    2.05938e+36
28.1    2.044e+36
28.2    2.02878e+36
28.3    2.0137e+36
28.4    1.99878e+36
28.5    1.984e+36
28.6    1.96937e+36
28.7    1.95489e+36
28.8    1.94054e+36
28.9    1.92634e+36
29    1.91228e+36
29.1    1.89835e+36
29.2    1.88456e+36
29.3    1.87091e+36
29.4    1.85738e+36
29.5    1.84399e+36
29.6    1.83073e+36
29.7    1.8176e+36
29.8    1.80459e+36
29.9    1.7917e+36
30    1.77894e+36
30.1    1.7663e+36
30.2    1.75378e+36
30.3    1.74139e+36
30.4    1.7291e+36
30.5    1.71694e+36
30.6    1.70488e+36
30.7    1.69295e+36
30.8    1.68112e+36
30.9    1.6694e+36
31    1.6578e+36
31.1    1.6463e+36
31.2    1.63491e+36
31.3    1.62362e+36
31.4    1.61244e+36
31.5    1.60136e+36
31.6    1.59038e+36
31.7    1.57951e+36
31.8    1.56873e+36
31.9    1.55805e+36
32    1.54747e+36
32.1    1.53699e+36
32.2    1.5266e+36
32.3    1.5163e+36
32.4    1.5061e+36
32.5    1.49599e+36
32.6    1.48597e+36
32.7    1.47604e+36
32.8    1.4662e+36
32.9    1.45645e+36
33    1.44678e+36
33.1    1.4372e+36
33.2    1.42771e+36
33.3    1.41829e+36
33.4    1.40897e+36
33.5    1.39972e+36
33.6    1.39056e+36
33.7    1.38147e+36
33.8    1.37247e+36
33.9    1.36354e+36
34    1.35469e+36
34.1    1.34592e+36
34.2    1.33722e+36
34.3    1.3286e+36
34.4    1.32006e+36
34.5    1.31158e+36
34.6    1.30318e+36
34.7    1.29485e+36
34.8    1.2866e+36
34.9    1.27841e+36
35    1.27029e+36
35.1    1.26225e+36
35.2    1.25427e+36
35.3    1.24636e+36
35.4    1.23851e+36
35.5    1.23073e+36
35.6    1.22302e+36
35.7    1.21537e+36
35.8    1.20779e+36
35.9    1.20026e+36
36    1.19281e+36
36.1    1.18541e+36
36.2    1.17807e+36
36.3    1.1708e+36
36.4    1.16358e+36
36.5    1.15643e+36
36.6    1.14933e+36
36.7    1.14229e+36
36.8    1.13531e+36
36.9    1.12839e+36
37    1.12153e+36
37.1    1.11471e+36
37.2    1.10796e+36
37.3    1.10126e+36
37.4    1.09461e+36
37.5    1.08802e+36
37.6    1.08148e+36
37.7    1.07499e+36
37.8    1.06856e+36
37.9    1.06217e+36
38    1.05584e+36
38.1    1.04956e+36
38.2    1.04333e+36
38.3    1.03715e+36
38.4    1.03101e+36
38.5    1.02493e+36
38.6    1.01889e+36
38.7    1.0129e+36
38.8    1.00696e+36
38.9    1.00106e+36
39    9.95216e+35
39.1    9.89412e+35
39.2    9.83654e+35
39.3    9.7794e+35
39.4    9.72271e+35
39.5    9.66646e+35
39.6    9.61065e+35
39.7    9.55526e+35
39.8    9.50031e+35
39.9    9.44577e+35
40    9.39166e+35
40.1    9.33796e+35
40.2    9.28467e+35
40.3    9.23178e+35
40.4    9.1793e+35
40.5    9.12722e+35
40.6    9.07553e+35
40.7    9.02424e+35
40.8    8.97333e+35
40.9    8.92281e+35
41    8.87267e+35
41.1    8.8229e+35
41.2    8.77351e+35
41.3    8.72449e+35
41.4    8.67583e+35
41.5    8.62754e+35
41.6    8.5796e+35
41.7    8.53203e+35
41.8    8.4848e+35
41.9    8.43793e+35
42    8.3914e+35
42.1    8.34521e+35
42.2    8.29937e+35
42.3    8.25386e+35
42.4    8.20868e+35
42.5    8.16384e+35
42.6    8.11932e+35
42.7    8.07513e+35
42.8    8.03126e+35
42.9    7.98771e+35
43    7.94447e+35
43.1    7.90155e+35
43.2    7.85894e+35
43.3    7.81663e+35
43.4    7.77463e+35
43.5    7.73293e+35
43.6    7.69153e+35
43.7    7.65043e+35
43.8    7.60961e+35
43.9    7.5691e+35
44    7.52886e+35
44.1    7.48892e+35
44.2    7.44926e+35
44.3    7.40988e+35
44.4    7.37078e+35
44.5    7.33195e+35
44.6    7.2934e+35
44.7    7.25511e+35
44.8    7.2171e+35
44.9    7.17935e+35
45    7.14187e+35
45.1    7.10465e+35
45.2    7.06769e+35
45.3    7.03098e+35
45.4    6.99453e+35
45.5    6.95834e+35
45.6    6.92239e+35
45.7    6.88669e+35
45.8    6.85124e+35
45.9    6.81603e+35
46    6.78106e+35
46.1    6.74633e+35
46.2    6.71185e+35
46.3    6.67759e+35
46.4    6.64357e+35
46.5    6.60978e+35
46.6    6.57623e+35
46.7    6.54289e+35
46.8    6.50979e+35
46.9    6.47691e+35
47    6.44425e+35
47.1    6.41181e+35
47.2    6.37959e+35
47.3    6.34759e+35
47.4    6.3158e+35
47.5    6.28422e+35
47.6    6.25285e+35
47.7    6.2217e+35
47.8    6.19075e+35
47.9    6.16e+35
48    6.12947e+35
48.1    6.09913e+35
48.2    6.06899e+35
48.3    6.03906e+35
48.4    6.00932e+35
48.5    5.97977e+35
48.6    5.95042e+35
48.7    5.92126e+35
48.8    5.8923e+35
48.9    5.86352e+35
49    5.83493e+35
49.1    5.80653e+35
49.2    5.77831e+35
49.3    5.75028e+35
49.4    5.72242e+35
49.5    5.69475e+35
49.6    5.66726e+35
49.7    5.63994e+35
49.8    5.6128e+35
49.9    5.58583e+35
50    5.55904e+35
50.1    5.53242e+35
50.2    5.50597e+35
50.3    5.47968e+35
50.4    5.45357e+35
50.5    5.42762e+35
50.6    5.40184e+35
50.7    5.37622e+35
50.8    5.35076e+35
50.9    5.32547e+35
51    5.30033e+35
51.1    5.27535e+35
51.2    5.25053e+35
51.3    5.22587e+35
51.4    5.20136e+35
51.5    5.177e+35
51.6    5.1528e+35
51.7    5.12875e+35
51.8    5.10485e+35
51.9    5.08109e+35
52    5.05749e+35
52.1    5.03403e+35
52.2    5.01071e+35
52.3    4.98754e+35
52.4    4.96452e+35
52.5    4.94163e+35
52.6    4.91889e+35
52.7    4.89629e+35
52.8    4.87382e+35
52.9    4.85149e+35
53    4.8293e+35
53.1    4.80725e+35
53.2    4.78533e+35
53.3    4.76354e+35
53.4    4.74189e+35
53.5    4.72036e+35
53.6    4.69897e+35
53.7    4.67771e+35
53.8    4.65658e+35
53.9    4.63557e+35
54    4.61469e+35
54.1    4.59393e+35
54.2    4.57331e+35
54.3    4.5528e+35
54.4    4.53242e+35
54.5    4.51215e+35
54.6    4.49201e+35
54.7    4.47199e+35
54.8    4.45209e+35
54.9    4.43231e+35
55    4.41265e+35
55.1    4.3931e+35
55.2    4.37366e+35
55.3    4.35435e+35
55.4    4.33514e+35
55.5    4.31605e+35
55.6    4.29707e+35
55.7    4.27821e+35
55.8    4.25945e+35
55.9    4.2408e+35
56    4.22226e+35
56.1    4.20384e+35
56.2    4.18551e+35
56.3    4.1673e+35
56.4    4.14919e+35
56.5    4.13118e+35
56.6    4.11328e+35
56.7    4.09549e+35
56.8    4.07779e+35
56.9    4.0602e+35
57    4.04271e+35
57.1    4.02532e+35
57.2    4.00803e+35
57.3    3.99084e+35
57.4    3.97375e+35
57.5    3.95676e+35
57.6    3.93986e+35
57.7    3.92306e+35
57.8    3.90635e+35
57.9    3.88974e+35
58    3.87323e+35
58.1    3.85681e+35
58.2    3.84048e+35
58.3    3.82424e+35
58.4    3.8081e+35
58.5    3.79204e+35
58.6    3.77608e+35
58.7    3.76021e+35
58.8    3.74442e+35
58.9    3.72872e+35
59    3.71312e+35
59.1    3.6976e+35
59.2    3.68216e+35
59.3    3.66681e+35
59.4    3.65155e+35
59.5    3.63637e+35
59.6    3.62128e+35
59.7    3.60627e+35
59.8    3.59134e+35
59.9    3.5765e+35
60    3.56173e+35
60.1    3.54705e+35
60.2    3.53245e+35
60.3    3.51793e+35
60.4    3.50349e+35
60.5    3.48913e+35
60.6    3.47485e+35
60.7    3.46064e+35
60.8    3.44651e+35
60.9    3.43246e+35
61    3.41849e+35
61.1    3.40459e+35
61.2    3.39077e+35
61.3    3.37702e+35
61.4    3.36335e+35
61.5    3.34975e+35
61.6    3.33623e+35
61.7    3.32277e+35
61.8    3.30939e+35
61.9    3.29609e+35
62    3.28285e+35
62.1    3.26968e+35
62.2    3.25659e+35
62.3    3.24356e+35
62.4    3.23061e+35
62.5    3.21772e+35
62.6    3.2049e+35
62.7    3.19215e+35
62.8    3.17947e+35
62.9    3.16686e+35
63    3.15431e+35
63.1    3.14183e+35
63.2    3.12941e+35
63.3    3.11706e+35
63.4    3.10478e+35
63.5    3.09256e+35
63.6    3.0804e+35
63.7    3.06831e+35
63.8    3.05628e+35
63.9    3.04431e+35
64    3.03241e+35
64.1    3.02057e+35
64.2    3.00879e+35
64.3    2.99707e+35
64.4    2.98541e+35
64.5    2.97382e+35
64.6    2.96228e+35
64.7    2.9508e+35
64.8    2.93938e+35
64.9    2.92803e+35
65    2.91673e+35
65.1    2.90548e+35
65.2    2.8943e+35
65.3    2.88317e+35
65.4    2.8721e+35
65.5    2.86109e+35
65.6    2.85014e+35
65.7    2.83924e+35
65.8    2.82839e+35
65.9    2.8176e+35
66    2.80687e+35
66.1    2.79619e+35
66.2    2.78556e+35
66.3    2.77499e+35
66.4    2.76447e+35
66.5    2.75401e+35
66.6    2.7436e+35
66.7    2.73324e+35
66.8    2.72293e+35
66.9    2.71268e+35
67    2.70247e+35
67.1    2.69232e+35
67.2    2.68222e+35
67.3    2.67217e+35
67.4    2.66217e+35
67.5    2.65222e+35
67.6    2.64231e+35
67.7    2.63246e+35
67.8    2.62266e+35
67.9    2.61291e+35
68    2.6032e+35
68.1    2.59354e+35
68.2    2.58393e+35
68.3    2.57437e+35
68.4    2.56486e+35
68.5    2.55539e+35
68.6    2.54597e+35
68.7    2.53659e+35
68.8    2.52726e+35
68.9    2.51798e+35
69    2.50874e+35
69.1    2.49955e+35
69.2    2.49041e+35
69.3    2.4813e+35
69.4    2.47224e+35
69.5    2.46323e+35
69.6    2.45426e+35
69.7    2.44533e+35
69.8    2.43645e+35
69.9    2.42761e+35
70    2.41881e+35
70.1    2.41006e+35
70.2    2.40135e+35
70.3    2.39268e+35
70.4    2.38405e+35
70.5    2.37546e+35
70.6    2.36691e+35
70.7    2.35841e+35
70.8    2.34995e+35
70.9    2.34152e+35
71    2.33314e+35
71.1    2.3248e+35
71.2    2.31649e+35
71.3    2.30823e+35
71.4    2.30001e+35
71.5    2.29182e+35
71.6    2.28367e+35
71.7    2.27557e+35
71.8    2.2675e+35
71.9    2.25947e+35
72    2.25147e+35
72.1    2.24352e+35
72.2    2.2356e+35
72.3    2.22772e+35
72.4    2.21988e+35
72.5    2.21207e+35
72.6    2.2043e+35
72.7    2.19657e+35
72.8    2.18887e+35
72.9    2.18121e+35
73    2.17358e+35
73.1    2.16599e+35
73.2    2.15844e+35
73.3    2.15092e+35
73.4    2.14343e+35
73.5    2.13598e+35
73.6    2.12857e+35
73.7    2.12119e+35
73.8    2.11384e+35
73.9    2.10653e+35
74    2.09925e+35
74.1    2.092e+35
74.2    2.08479e+35
74.3    2.07761e+35
74.4    2.07047e+35
74.5    2.06335e+35
74.6    2.05627e+35
74.7    2.04923e+35
74.8    2.04221e+35
74.9    2.03523e+35
75    2.02827e+35
75.1    2.02135e+35
75.2    2.01447e+35
75.3    2.00761e+35
75.4    2.00078e+35
75.5    1.99399e+35
75.6    1.98722e+35
75.7    1.98049e+35
75.8    1.97379e+35
75.9    1.96711e+35
76    1.96047e+35
76.1    1.95386e+35
76.2    1.94727e+35
76.3    1.94072e+35
76.4    1.9342e+35
76.5    1.9277e+35
76.6    1.92124e+35
76.7    1.9148e+35
76.8    1.90839e+35
76.9    1.90201e+35
77    1.89566e+35
77.1    1.88934e+35
77.2    1.88304e+35
77.3    1.87678e+35
77.4    1.87054e+35
77.5    1.86433e+35
77.6    1.85814e+35
77.7    1.85199e+35
77.8    1.84586e+35
77.9    1.83976e+35
78    1.83368e+35
78.1    1.82763e+35
78.2    1.82161e+35
78.3    1.81562e+35
78.4    1.80965e+35
78.5    1.80371e+35
78.6    1.79779e+35
78.7    1.7919e+35
78.8    1.78603e+35
78.9    1.7802e+35
79    1.77438e+35
79.1    1.76859e+35
79.2    1.76283e+35
79.3    1.75709e+35
79.4    1.75138e+35
79.5    1.74569e+35
79.6    1.74003e+35
79.7    1.73439e+35
79.8    1.72877e+35
79.9    1.72318e+35
80    1.71761e+35
80.1    1.71207e+35
80.2    1.70655e+35
80.3    1.70106e+35
80.4    1.69559e+35
80.5    1.69014e+35
80.6    1.68471e+35
80.7    1.67931e+35
80.8    1.67394e+35
80.9    1.66858e+35
81    1.66325e+35
81.1    1.65794e+35
81.2    1.65265e+35
81.3    1.64739e+35
81.4    1.64215e+35
81.5    1.63693e+35
81.6    1.63173e+35
81.7    1.62655e+35
81.8    1.6214e+35
81.9    1.61627e+35
82    1.61116e+35
82.1    1.60607e+35
82.2    1.601e+35
82.3    1.59595e+35
82.4    1.59093e+35
82.5    1.58593e+35
82.6    1.58094e+35
82.7    1.57598e+35
82.8    1.57104e+35
82.9    1.56612e+35
83    1.56122e+35
83.1    1.55634e+35
83.2    1.55148e+35
83.3    1.54664e+35
83.4    1.54182e+35
83.5    1.53703e+35
83.6    1.53225e+35
83.7    1.52749e+35
83.8    1.52275e+35
83.9    1.51803e+35
84    1.51333e+35
84.1    1.50865e+35
84.2    1.50399e+35
84.3    1.49935e+35
84.4    1.49472e+35
84.5    1.49012e+35
84.6    1.48554e+35
84.7    1.48097e+35
84.8    1.47642e+35
84.9    1.47189e+35
85    1.46738e+35
85.1    1.46289e+35
85.2    1.45842e+35
85.3    1.45396e+35
85.4    1.44953e+35
85.5    1.44511e+35
85.6    1.44071e+35
85.7    1.43632e+35
85.8    1.43196e+35
85.9    1.42761e+35
86    1.42328e+35
86.1    1.41897e+35
86.2    1.41467e+35
86.3    1.41039e+35
86.4    1.40613e+35
86.5    1.40189e+35
86.6    1.39766e+35
86.7    1.39346e+35
86.8    1.38926e+35
86.9    1.38509e+35
87    1.38093e+35
87.1    1.37679e+35
87.2    1.37266e+35
87.3    1.36855e+35
87.4    1.36446e+35
87.5    1.36038e+35
87.6    1.35632e+35
87.7    1.35228e+35
87.8    1.34825e+35
87.9    1.34424e+35
88    1.34024e+35
88.1    1.33626e+35
88.2    1.3323e+35
88.3    1.32835e+35
88.4    1.32442e+35
88.5    1.3205e+35
88.6    1.3166e+35
88.7    1.31271e+35
88.8    1.30884e+35
88.9    1.30499e+35
89    1.30115e+35
89.1    1.29732e+35
89.2    1.29351e+35
89.3    1.28971e+35
89.4    1.28593e+35
89.5    1.28217e+35
89.6    1.27841e+35
89.7    1.27468e+35
89.8    1.27096e+35
89.9    1.26725e+35
90    1.26355e+35
90.1    1.25988e+35
90.2    1.25621e+35
90.3    1.25256e+35
90.4    1.24892e+35
90.5    1.2453e+35
90.6    1.24169e+35
90.7    1.2381e+35
90.8    1.23452e+35
90.9    1.23095e+35
91    1.2274e+35
91.1    1.22386e+35
91.2    1.22034e+35
91.3    1.21682e+35
91.4    1.21332e+35
91.5    1.20984e+35
91.6    1.20637e+35
91.7    1.20291e+35
91.8    1.19946e+35
91.9    1.19603e+35
92    1.19261e+35
92.1    1.18921e+35
92.2    1.18581e+35
92.3    1.18243e+35
92.4    1.17907e+35
92.5    1.17571e+35
92.6    1.17237e+35
92.7    1.16904e+35
92.8    1.16573e+35
92.9    1.16242e+35
93    1.15913e+35
93.1    1.15585e+35
93.2    1.15259e+35
93.3    1.14933e+35
93.4    1.14609e+35
93.5    1.14286e+35
93.6    1.13964e+35
93.7    1.13644e+35
93.8    1.13324e+35
93.9    1.13006e+35
94    1.12689e+35
94.1    1.12373e+35
94.2    1.12059e+35
94.3    1.11745e+35
94.4    1.11433e+35
94.5    1.11122e+35
94.6    1.10812e+35
94.7    1.10503e+35
94.8    1.10196e+35
94.9    1.09889e+35
95    1.09584e+35
95.1    1.0928e+35
95.2    1.08977e+35
95.3    1.08675e+35
95.4    1.08374e+35
95.5    1.08074e+35
95.6    1.07775e+35
95.7    1.07478e+35
95.8    1.07181e+35
95.9    1.06886e+35
96    1.06592e+35
96.1    1.06299e+35
96.2    1.06007e+35
96.3    1.05716e+35
96.4    1.05426e+35
96.5    1.05137e+35
96.6    1.04849e+35
96.7    1.04562e+35
96.8    1.04276e+35
96.9    1.03992e+35
97    1.03708e+35
97.1    1.03425e+35
97.2    1.03144e+35
97.3    1.02863e+35
97.4    1.02583e+35
97.5    1.02305e+35
97.6    1.02027e+35
97.7    1.01751e+35
97.8    1.01475e+35
97.9    1.01201e+35
98    1.00927e+35
98.1    1.00655e+35
98.2    1.00383e+35
98.3    1.00112e+35
98.4    9.98428e+34
98.5    9.95741e+34
98.6    9.93064e+34
98.7    9.90396e+34
98.8    9.87738e+34
98.9    9.8509e+34
99    9.82451e+34
99.1    9.79821e+34
99.2    9.77201e+34
99.3    9.74591e+34
99.4    9.71989e+34
99.5    9.69397e+34
99.6    9.66814e+34
99.7    9.6424e+34
99.8    9.61675e+34
99.9    9.5912e+34
100    9.56573e+34

