0    1.87025e+39
0.1    1.74081e+39
0.2    1.52488e+39
0.3    1.27905e+39
0.4    1.04813e+39
0.5    8.52069e+38
0.6    6.93951e+38
0.7    5.69565e+38
0.8    4.72784e+38
0.9    3.97754e+38
1    3.3955e+38
1.1    2.94229e+38
1.2    2.5871e+38
1.3    2.30613e+38
1.4    2.08119e+38
1.5    1.89848e+38
1.6    1.74764e+38
1.7    1.62092e+38
1.8    1.51262e+38
1.9    1.41854e+38
2    1.33563e+38
2.1    1.26165e+38
2.2    1.19497e+38
2.3    1.13437e+38
2.4    1.07894e+38
2.5    1.02799e+38
2.6    9.80967e+37
2.7    9.37422e+37
2.8    8.96991e+37
2.9    8.59361e+37
3    8.24265e+37
3.1    7.91469e+37
3.2    7.60766e+37
3.3    7.31975e+37
3.4    7.04932e+37
3.5    6.7949e+37
3.6    6.55519e+37
3.7    6.32902e+37
3.8    6.1153e+37
3.9    5.91309e+37
4    5.72152e+37
4.1    5.5398e+37
4.2    5.36722e+37
4.3    5.20312e+37
4.4    5.04693e+37
4.5    4.8981e+37
4.6    4.75613e+37
4.7    4.62059e+37
4.8    4.49105e+37
4.9    4.36715e+37
5    4.24853e+37
5.1    4.13488e+37
5.2    4.0259e+37
5.3    3.92133e+37
5.4    3.8209e+37
5.5    3.7244e+37
5.6    3.6316e+37
5.7    3.5423e+37
5.8    3.45633e+37
5.9    3.3735e+37
6    3.29365e+37
6.1    3.21664e+37
6.2    3.14233e+37
6.3    3.07059e+37
6.4    3.00128e+37
6.5    2.93431e+37
6.6    2.86955e+37
6.7    2.80691e+37
6.8    2.7463e+37
6.9    2.68761e+37
7    2.63078e+37
7.1    2.57571e+37
7.2    2.52234e+37
7.3    2.47059e+37
7.4    2.4204e+37
7.5    2.3717e+37
7.6    2.32443e+37
7.7    2.27853e+37
7.8    2.23396e+37
7.9    2.19065e+37
8    2.14856e+37
8.1    2.10765e+37
8.2    2.06787e+37
8.3    2.02917e+37
8.4    1.99152e+37
8.5    1.95488e+37
8.6    1.91921e+37
8.7    1.88449e+37
8.8    1.85066e+37
8.9    1.81771e+37
9    1.78561e+37
9.1    1.75432e+37
9.2    1.72381e+37
9.3    1.69407e+37
9.4    1.66506e+37
9.5    1.63676e+37
9.6    1.60915e+37
9.7    1.58221e+37
9.8    1.55591e+37
9.9    1.53023e+37
10    1.50516e+37
10.1    1.48067e+37
10.2    1.45675e+37
10.3    1.43338e+37
10.4    1.41055e+37
10.5    1.38823e+37
10.6    1.36641e+37
10.7    1.34507e+37
10.8    1.32421e+37
10.9    1.30381e+37
11    1.28385e+37
11.1    1.26433e+37
11.2    1.24522e+37
11.3    1.22653e+37
11.4    1.20823e+37
11.5    1.19031e+37
11.6    1.17277e+37
11.7    1.15559e+37
11.8    1.13877e+37
11.9    1.12229e+37
12    1.10615e+37
12.1    1.09034e+37
12.2    1.07484e+37
12.3    1.05965e+37
12.4    1.04476e+37
12.5    1.03017e+37
12.6    1.01586e+37
12.7    1.00184e+37
12.8    9.88078e+36
12.9    9.74586e+36
13    9.61352e+36
13.1    9.48368e+36
13.2    9.35631e+36
13.3    9.23132e+36
13.4    9.10867e+36
13.5    8.98829e+36
13.6    8.87014e+36
13.7    8.75415e+36
13.8    8.64028e+36
13.9    8.52847e+36
14    8.41868e+36
14.1    8.31086e+36
14.2    8.20496e+36
14.3    8.10094e+36
14.4    7.99875e+36
14.5    7.89836e+36
14.6    7.79972e+36
14.7    7.7028e+36
14.8    7.60754e+36
14.9    7.51392e+36
15    7.4219e+36
15.1    7.33145e+36
15.2    7.24252e+36
15.3    7.15509e+36
15.4    7.06913e+36
15.5    6.98459e+36
15.6    6.90146e+36
15.7    6.81969e+36
15.8    6.73927e+36
15.9    6.66016e+36
16    6.58233e+36
16.1    6.50577e+36
16.2    6.43043e+36
16.3    6.3563e+36
16.4    6.28335e+36
16.5    6.21156e+36
16.6    6.1409e+36
16.7    6.07135e+36
16.8    6.00288e+36
16.9    5.93548e+36
17    5.86913e+36
17.1    5.8038e+36
17.2    5.73947e+36
17.3    5.67612e+36
17.4    5.61374e+36
17.5    5.5523e+36
17.6    5.49179e+36
17.7    5.43218e+36
17.8    5.37347e+36
17.9    5.31563e+36
18    5.25864e+36
18.1    5.2025e+36
18.2    5.14718e+36
18.3    5.09267e+36
18.4    5.03895e+36
18.5    4.98601e+36
18.6    4.93383e+36
18.7    4.8824e+36
18.8    4.83171e+36
18.9    4.78175e+36
19    4.73249e+36
19.1    4.68393e+36
19.2    4.63605e+36
19.3    4.58884e+36
19.4    4.54229e+36
19.5    4.49639e+36
19.6    4.45112e+36
19.7    4.40648e+36
19.8    4.36245e+36
19.9    4.31903e+36
20    4.27619e+36
20.1    4.23394e+36
20.2    4.19226e+36
20.3    4.15114e+36
20.4    4.11058e+36
20.5    4.07055e+36
20.6    4.03106e+36
20.7    3.99209e+36
20.8    3.95364e+36
20.9    3.91569e+36
21    3.87824e+36
21.1    3.84128e+36
21.2    3.80481e+36
21.3    3.7688e+36
21.4    3.73326e+36
21.5    3.69818e+36
21.6    3.66355e+36
21.7    3.62936e+36
21.8    3.59561e+36
21.9    3.56228e+36
22    3.52938e+36
22.1    3.49689e+36
22.2    3.4648e+36
22.3    3.43312e+36
22.4    3.40184e+36
22.5    3.37094e+36
22.6    3.34043e+36
22.7    3.31029e+36
22.8    3.28052e+36
22.9    3.25112e+36
23    3.22208e+36
23.1    3.19339e+36
23.2    3.16505e+36
23.3    3.13705e+36
23.4    3.10938e+36
23.5    3.08205e+36
23.6    3.05505e+36
23.7    3.02837e+36
23.8    3.002e+36
23.9    2.97595e+36
24    2.95021e+36
24.1    2.92477e+36
24.2    2.89962e+36
24.3    2.87477e+36
24.4    2.85021e+36
24.5    2.82594e+36
24.6    2.80194e+36
24.7    2.77823e+36
24.8    2.75478e+36
24.9    2.73161e+36
25    2.7087e+36
25.1    2.68605e+36
25.2    2.66366e+36
25.3    2.64152e+36
25.4    2.61963e+36
25.5    2.59799e+36
25.6    2.57659e+36
25.7    2.55543e+36
25.8    2.5345e+36
25.9    2.51381e+36
26    2.49335e+36
26.1    2.47311e+36
26.2    2.4531e+36
26.3    2.4333e+36
26.4    2.41372e+36
26.5    2.39436e+36
26.6    2.37521e+36
26.7    2.35626e+36
26.8    2.33752e+36
26.9    2.31898e+36
27    2.30064e+36
27.1    2.2825e+36
27.2    2.26455e+36
27.3    2.24679e+36
27.4    2.22922e+36
27.5    2.21184e+36
27.6    2.19464e+36
27.7    2.17762e+36
27.8    2.16078e+36
27.9    2.14412e+36
28    2.12763e+36
28.1    2.11131e+36
28.2    2.09516e+36
28.3    2.07918e+36
28.4    2.06337e+36
28.5    2.04771e+36
28.6    2.03222e+36
28.7    2.01689e+36
28.8    2.00171e+36
28.9    1.98669e+36
29    1.97182e+36
29.1    1.9571e+36
29.2    1.94253e+36
29.3    1.9281e+36
29.4    1.91382e+36
29.5    1.89969e+36
29.6    1.88569e+36
29.7    1.87184e+36
29.8    1.85812e+36
29.9    1.84454e+36
30    1.83109e+36
30.1    1.81777e+36
30.2    1.80459e+36
30.3    1.79153e+36
30.4    1.7786e+36
30.5    1.7658e+36
30.6    1.75313e+36
30.7    1.74057e+36
30.8    1.72814e+36
30.9    1.71583e+36
31    1.70363e+36
31.1    1.69155e+36
31.2    1.67959e+36
31.3    1.66774e+36
31.4    1.65601e+36
31.5    1.64439e+36
31.6    1.63287e+36
31.7    1.62147e+36
31.8    1.61017e+36
31.9    1.59898e+36
32    1.5879e+36
32.1    1.57692e+36
32.2    1.56604e+36
32.3    1.55526e+36
32.4    1.54458e+36
32.5    1.534e+36
32.6    1.52352e+36
32.7    1.51314e+36
32.8    1.50285e+36
32.9    1.49265e+36
33    1.48255e+36
33.1    1.47254e+36
33.2    1.46262e+36
33.3    1.4528e+36
33.4    1.44306e+36
33.5    1.43341e+36
33.6    1.42384e+36
33.7    1.41437e+36
33.8    1.40497e+36
33.9    1.39566e+36
34    1.38644e+36
34.1    1.3773e+36
34.2    1.36823e+36
34.3    1.35925e+36
34.4    1.35035e+36
34.5    1.34153e+36
34.6    1.33278e+36
34.7    1.32411e+36
34.8    1.31552e+36
34.9    1.307e+36
35    1.29856e+36
35.1    1.29019e+36
35.2    1.28189e+36
35.3    1.27366e+36
35.4    1.26551e+36
35.5    1.25742e+36
35.6    1.24941e+36
35.7    1.24146e+36
35.8    1.23359e+36
35.9    1.22578e+36
36    1.21803e+36
36.1    1.21035e+36
36.2    1.20274e+36
36.3    1.19519e+36
36.4    1.18771e+36
36.5    1.18029e+36
36.6    1.17293e+36
36.7    1.16563e+36
36.8    1.15839e+36
36.9    1.15122e+36
37    1.1441e+36
37.1    1.13705e+36
37.2    1.13005e+36
37.3    1.12311e+36
37.4    1.11622e+36
37.5    1.1094e+36
37.6    1.10263e+36
37.7    1.09591e+36
37.8    1.08926e+36
37.9    1.08265e+36
38    1.0761e+36
38.1    1.0696e+36
38.2    1.06316e+36
38.3    1.05676e+36
38.4    1.05042e+36
38.5    1.04413e+36
38.6    1.03789e+36
38.7    1.03171e+36
38.8    1.02557e+36
38.9    1.01948e+36
39    1.01343e+36
39.1    1.00744e+36
39.2    1.0015e+36
39.3    9.95597e+35
39.4    9.89745e+35
39.5    9.83939e+35
39.6    9.78179e+35
39.7    9.72465e+35
39.8    9.66795e+35
39.9    9.6117e+35
40    9.55589e+35
40.1    9.50051e+35
40.2    9.44557e+35
40.3    9.39105e+35
40.4    9.33696e+35
40.5    9.28328e+35
40.6    9.23002e+35
40.7    9.17717e+35
40.8    9.12472e+35
40.9    9.07268e+35
41    9.02104e+35
41.1    8.96979e+35
41.2    8.91893e+35
41.3    8.86846e+35
41.4    8.81838e+35
41.5    8.76867e+35
41.6    8.71935e+35
41.7    8.67039e+35
41.8    8.6218e+35
41.9    8.57358e+35
42    8.52572e+35
42.1    8.47822e+35
42.2    8.43108e+35
42.3    8.38428e+35
42.4    8.33784e+35
42.5    8.29174e+35
42.6    8.24599e+35
42.7    8.20057e+35
42.8    8.15549e+35
42.9    8.11074e+35
43    8.06632e+35
43.1    8.02223e+35
43.2    7.97846e+35
43.3    7.93501e+35
43.4    7.89188e+35
43.5    7.84907e+35
43.6    7.80657e+35
43.7    7.76437e+35
43.8    7.72248e+35
43.9    7.6809e+35
44    7.63961e+35
44.1    7.59863e+35
44.2    7.55794e+35
44.3    7.51754e+35
44.4    7.47743e+35
44.5    7.43761e+35
44.6    7.39807e+35
44.7    7.35881e+35
44.8    7.31984e+35
44.9    7.28114e+35
45    7.24272e+35
45.1    7.20456e+35
45.2    7.16668e+35
45.3    7.12907e+35
45.4    7.09172e+35
45.5    7.05463e+35
45.6    7.0178e+35
45.7    6.98123e+35
45.8    6.94492e+35
45.9    6.90886e+35
46    6.87305e+35
46.1    6.83749e+35
46.2    6.80218e+35
46.3    6.76711e+35
46.4    6.73228e+35
46.5    6.6977e+35
46.6    6.66335e+35
46.7    6.62924e+35
46.8    6.59536e+35
46.9    6.56172e+35
47    6.52831e+35
47.1    6.49512e+35
47.2    6.46216e+35
47.3    6.42943e+35
47.4    6.39691e+35
47.5    6.36462e+35
47.6    6.33255e+35
47.7    6.30069e+35
47.8    6.26905e+35
47.9    6.23762e+35
48    6.2064e+35
48.1    6.17539e+35
48.2    6.14459e+35
48.3    6.114e+35
48.4    6.08361e+35
48.5    6.05342e+35
48.6    6.02343e+35
48.7    5.99364e+35
48.8    5.96405e+35
48.9    5.93466e+35
49    5.90546e+35
49.1    5.87645e+35
49.2    5.84763e+35
49.3    5.81901e+35
49.4    5.79057e+35
49.5    5.76231e+35
49.6    5.73425e+35
49.7    5.70636e+35
49.8    5.67866e+35
49.9    5.65113e+35
50    5.62379e+35
50.1    5.59662e+35
50.2    5.56963e+35
50.3    5.54282e+35
50.4    5.51617e+35
50.5    5.4897e+35
50.6    5.4634e+35
50.7    5.43727e+35
50.8    5.4113e+35
50.9    5.3855e+35
51    5.35987e+35
51.1    5.3344e+35
51.2    5.30909e+35
51.3    5.28394e+35
51.4    5.25895e+35
51.5    5.23412e+35
51.6    5.20945e+35
51.7    5.18493e+35
51.8    5.16057e+35
51.9    5.13636e+35
52    5.11231e+35
52.1    5.0884e+35
52.2    5.06465e+35
52.3    5.04104e+35
52.4    5.01758e+35
52.5    4.99426e+35
52.6    4.9711e+35
52.7    4.94807e+35
52.8    4.92519e+35
52.9    4.90245e+35
53    4.87985e+35
53.1    4.85739e+35
53.2    4.83507e+35
53.3    4.81289e+35
53.4    4.79084e+35
53.5    4.76893e+35
53.6    4.74715e+35
53.7    4.7255e+35
53.8    4.70399e+35
53.9    4.68261e+35
54    4.66136e+35
54.1    4.64024e+35
54.2    4.61924e+35
54.3    4.59838e+35
54.4    4.57763e+35
54.5    4.55702e+35
54.6    4.53653e+35
54.7    4.51616e+35
54.8    4.49592e+35
54.9    4.47579e+35
55    4.45579e+35
55.1    4.43591e+35
55.2    4.41614e+35
55.3    4.3965e+35
55.4    4.37697e+35
55.5    4.35755e+35
55.6    4.33825e+35
55.7    4.31907e+35
55.8    4.3e+35
55.9    4.28104e+35
56    4.2622e+35
56.1    4.24346e+35
56.2    4.22484e+35
56.3    4.20633e+35
56.4    4.18792e+35
56.5    4.16962e+35
56.6    4.15143e+35
56.7    4.13335e+35
56.8    4.11537e+35
56.9    4.09749e+35
57    4.07972e+35
57.1    4.06205e+35
57.2    4.04449e+35
57.3    4.02702e+35
57.4    4.00966e+35
57.5    3.9924e+35
57.6    3.97524e+35
57.7    3.95817e+35
57.8    3.94121e+35
57.9    3.92434e+35
58    3.90757e+35
58.1    3.89089e+35
58.2    3.87431e+35
58.3    3.85782e+35
58.4    3.84143e+35
58.5    3.82513e+35
58.6    3.80892e+35
58.7    3.79281e+35
58.8    3.77679e+35
58.9    3.76085e+35
59    3.74501e+35
59.1    3.72926e+35
59.2    3.71359e+35
59.3    3.69801e+35
59.4    3.68252e+35
59.5    3.66712e+35
59.6    3.65181e+35
59.7    3.63657e+35
59.8    3.62143e+35
59.9    3.60637e+35
60    3.59139e+35
60.1    3.5765e+35
60.2    3.56168e+35
60.3    3.54695e+35
60.4    3.53231e+35
60.5    3.51774e+35
60.6    3.50325e+35
60.7    3.48885e+35
60.8    3.47452e+35
60.9    3.46027e+35
61    3.4461e+35
61.1    3.432e+35
61.2    3.41799e+35
61.3    3.40405e+35
61.4    3.39019e+35
61.5    3.3764e+35
61.6    3.36268e+35
61.7    3.34905e+35
61.8    3.33548e+35
61.9    3.32199e+35
62    3.30857e+35
62.1    3.29523e+35
62.2    3.28195e+35
62.3    3.26875e+35
62.4    3.25562e+35
62.5    3.24256e+35
62.6    3.22957e+35
62.7    3.21665e+35
62.8    3.2038e+35
62.9    3.19102e+35
63    3.1783e+35
63.1    3.16566e+35
63.2    3.15308e+35
63.3    3.14056e+35
63.4    3.12812e+35
63.5    3.11574e+35
63.6    3.10342e+35
63.7    3.09117e+35
63.8    3.07899e+35
63.9    3.06687e+35
64    3.05481e+35
64.1    3.04282e+35
64.2    3.03089e+35
64.3    3.01902e+35
64.4    3.00721e+35
64.5    2.99547e+35
64.6    2.98379e+35
64.7    2.97217e+35
64.8    2.96061e+35
64.9    2.9491e+35
65    2.93766e+35
65.1    2.92628e+35
65.2    2.91496e+35
65.3    2.90369e+35
65.4    2.89249e+35
65.5    2.88134e+35
65.6    2.87025e+35
65.7    2.85922e+35
65.8    2.84824e+35
65.9    2.83732e+35
66    2.82645e+35
66.1    2.81564e+35
66.2    2.80489e+35
66.3    2.79419e+35
66.4    2.78355e+35
66.5    2.77296e+35
66.6    2.76242e+35
66.7    2.75194e+35
66.8    2.74151e+35
66.9    2.73113e+35
67    2.72081e+35
67.1    2.71054e+35
67.2    2.70032e+35
67.3    2.69015e+35
67.4    2.68003e+35
67.5    2.66996e+35
67.6    2.65995e+35
67.7    2.64998e+35
67.8    2.64007e+35
67.9    2.6302e+35
68    2.62038e+35
68.1    2.61062e+35
68.2    2.6009e+35
68.3    2.59123e+35
68.4    2.5816e+35
68.5    2.57203e+35
68.6    2.5625e+35
68.7    2.55302e+35
68.8    2.54359e+35
68.9    2.5342e+35
69    2.52486e+35
69.1    2.51556e+35
69.2    2.50632e+35
69.3    2.49711e+35
69.4    2.48795e+35
69.5    2.47884e+35
69.6    2.46977e+35
69.7    2.46075e+35
69.8    2.45177e+35
69.9    2.44283e+35
70    2.43394e+35
70.1    2.42509e+35
70.2    2.41628e+35
70.3    2.40752e+35
70.4    2.3988e+35
70.5    2.39012e+35
70.6    2.38148e+35
70.7    2.37289e+35
70.8    2.36433e+35
70.9    2.35582e+35
71    2.34735e+35
71.1    2.33892e+35
71.2    2.33053e+35
71.3    2.32218e+35
71.4    2.31387e+35
71.5    2.3056e+35
71.6    2.29736e+35
71.7    2.28917e+35
71.8    2.28102e+35
71.9    2.27291e+35
72    2.26483e+35
72.1    2.25679e+35
72.2    2.2488e+35
72.3    2.24083e+35
72.4    2.23291e+35
72.5    2.22502e+35
72.6    2.21718e+35
72.7    2.20936e+35
72.8    2.20159e+35
72.9    2.19385e+35
73    2.18615e+35
73.1    2.17848e+35
73.2    2.17085e+35
73.3    2.16326e+35
73.4    2.1557e+35
73.5    2.14818e+35
73.6    2.14069e+35
73.7    2.13324e+35
73.8    2.12582e+35
73.9    2.11843e+35
74    2.11108e+35
74.1    2.10377e+35
74.2    2.09648e+35
74.3    2.08924e+35
74.4    2.08202e+35
74.5    2.07484e+35
74.6    2.06769e+35
74.7    2.06058e+35
74.8    2.05349e+35
74.9    2.04644e+35
75    2.03942e+35
75.1    2.03244e+35
75.2    2.02549e+35
75.3    2.01856e+35
75.4    2.01167e+35
75.5    2.00481e+35
75.6    1.99799e+35
75.7    1.99119e+35
75.8    1.98442e+35
75.9    1.97769e+35
76    1.97098e+35
76.1    1.96431e+35
76.2    1.95767e+35
76.3    1.95105e+35
76.4    1.94447e+35
76.5    1.93791e+35
76.6    1.93139e+35
76.7    1.92489e+35
76.8    1.91843e+35
76.9    1.91199e+35
77    1.90558e+35
77.1    1.8992e+35
77.2    1.89285e+35
77.3    1.88653e+35
77.4    1.88023e+35
77.5    1.87397e+35
77.6    1.86773e+35
77.7    1.86152e+35
77.8    1.85533e+35
77.9    1.84918e+35
78    1.84305e+35
78.1    1.83695e+35
78.2    1.83087e+35
78.3    1.82483e+35
78.4    1.8188e+35
78.5    1.81281e+35
78.6    1.80684e+35
78.7    1.8009e+35
78.8    1.79498e+35
78.9    1.78909e+35
79    1.78323e+35
79.1    1.77739e+35
79.2    1.77158e+35
79.3    1.76579e+35
79.4    1.76003e+35
79.5    1.75429e+35
79.6    1.74858e+35
79.7    1.74289e+35
79.8    1.73723e+35
79.9    1.73159e+35
80    1.72598e+35
80.1    1.72039e+35
80.2    1.71483e+35
80.3    1.70929e+35
80.4    1.70377e+35
80.5    1.69828e+35
80.6    1.69281e+35
80.7    1.68736e+35
80.8    1.68194e+35
80.9    1.67654e+35
81    1.67116e+35
81.1    1.66581e+35
81.2    1.66048e+35
81.3    1.65517e+35
81.4    1.64989e+35
81.5    1.64463e+35
81.6    1.63939e+35
81.7    1.63417e+35
81.8    1.62897e+35
81.9    1.6238e+35
82    1.61865e+35
82.1    1.61352e+35
82.2    1.60841e+35
82.3    1.60333e+35
82.4    1.59826e+35
82.5    1.59322e+35
82.6    1.58819e+35
82.7    1.58319e+35
82.8    1.57821e+35
82.9    1.57326e+35
83    1.56832e+35
83.1    1.5634e+35
83.2    1.5585e+35
83.3    1.55363e+35
83.4    1.54877e+35
83.5    1.54393e+35
83.6    1.53912e+35
83.7    1.53432e+35
83.8    1.52955e+35
83.9    1.52479e+35
84    1.52006e+35
84.1    1.51534e+35
84.2    1.51064e+35
84.3    1.50597e+35
84.4    1.50131e+35
84.5    1.49667e+35
84.6    1.49205e+35
84.7    1.48745e+35
84.8    1.48287e+35
84.9    1.4783e+35
85    1.47376e+35
85.1    1.46924e+35
85.2    1.46473e+35
85.3    1.46024e+35
85.4    1.45577e+35
85.5    1.45132e+35
85.6    1.44689e+35
85.7    1.44247e+35
85.8    1.43807e+35
85.9    1.43369e+35
86    1.42933e+35
86.1    1.42499e+35
86.2    1.42066e+35
86.3    1.41635e+35
86.4    1.41206e+35
86.5    1.40779e+35
86.6    1.40353e+35
86.7    1.39929e+35
86.8    1.39507e+35
86.9    1.39086e+35
87    1.38667e+35
87.1    1.3825e+35
87.2    1.37835e+35
87.3    1.37421e+35
87.4    1.37009e+35
87.5    1.36598e+35
87.6    1.36189e+35
87.7    1.35782e+35
87.8    1.35377e+35
87.9    1.34973e+35
88    1.3457e+35
88.1    1.34169e+35
88.2    1.3377e+35
88.3    1.33373e+35
88.4    1.32977e+35
88.5    1.32582e+35
88.6    1.32189e+35
88.7    1.31798e+35
88.8    1.31408e+35
88.9    1.3102e+35
89    1.30633e+35
89.1    1.30248e+35
89.2    1.29864e+35
89.3    1.29482e+35
89.4    1.29101e+35
89.5    1.28722e+35
89.6    1.28345e+35
89.7    1.27968e+35
89.8    1.27594e+35
89.9    1.2722e+35
90    1.26849e+35
90.1    1.26478e+35
90.2    1.26109e+35
90.3    1.25742e+35
90.4    1.25376e+35
90.5    1.25011e+35
90.6    1.24648e+35
90.7    1.24286e+35
90.8    1.23926e+35
90.9    1.23567e+35
91    1.23209e+35
91.1    1.22853e+35
91.2    1.22498e+35
91.3    1.22145e+35
91.4    1.21792e+35
91.5    1.21442e+35
91.6    1.21092e+35
91.7    1.20744e+35
91.8    1.20397e+35
91.9    1.20052e+35
92    1.19708e+35
92.1    1.19365e+35
92.2    1.19024e+35
92.3    1.18683e+35
92.4    1.18345e+35
92.5    1.18007e+35
92.6    1.17671e+35
92.7    1.17336e+35
92.8    1.17002e+35
92.9    1.1667e+35
93    1.16338e+35
93.1    1.16008e+35
93.2    1.1568e+35
93.3    1.15352e+35
93.4    1.15026e+35
93.5    1.14701e+35
93.6    1.14377e+35
93.7    1.14055e+35
93.8    1.13733e+35
93.9    1.13413e+35
94    1.13094e+35
94.1    1.12777e+35
94.2    1.1246e+35
94.3    1.12145e+35
94.4    1.11831e+35
94.5    1.11518e+35
94.6    1.11206e+35
94.7    1.10895e+35
94.8    1.10586e+35
94.9    1.10277e+35
95    1.0997e+35
95.1    1.09664e+35
95.2    1.09359e+35
95.3    1.09055e+35
95.4    1.08753e+35
95.5    1.08451e+35
95.6    1.08151e+35
95.7    1.07851e+35
95.8    1.07553e+35
95.9    1.07256e+35
96    1.0696e+35
96.1    1.06665e+35
96.2    1.06371e+35
96.3    1.06079e+35
96.4    1.05787e+35
96.5    1.05496e+35
96.6    1.05207e+35
96.7    1.04918e+35
96.8    1.04631e+35
96.9    1.04345e+35
97    1.04059e+35
97.1    1.03775e+35
97.2    1.03492e+35
97.3    1.03209e+35
97.4    1.02928e+35
97.5    1.02648e+35
97.6    1.02369e+35
97.7    1.02091e+35
97.8    1.01814e+35
97.9    1.01538e+35
98    1.01262e+35
98.1    1.00988e+35
98.2    1.00715e+35
98.3    1.00443e+35
98.4    1.00172e+35
98.5    9.99017e+34
98.6    9.96325e+34
98.7    9.93643e+34
98.8    9.9097e+34
98.9    9.88307e+34
99    9.85653e+34
99.1    9.83009e+34
99.2    9.80374e+34
99.3    9.77749e+34
99.4    9.75133e+34
99.5    9.72526e+34
99.6    9.69929e+34
99.7    9.67341e+34
99.8    9.64762e+34
99.9    9.62193e+34
100    9.59632e+34
